10, 100, 3000
8  V 8  E 0
10, 100, 7000
8  V 8  E 0
10, 100, 1000
8  V 8  E 0
10, 100, 5000
8  V 8  E 0
10, 100, 9000
8  V 8  E 0
10, 100, 4000
8  V 8  E 0
10, 100, 8000
8  V 8  E 0
10, 100, 2000
8  V 8  E 0
10, 100, 6000
8  V 8  E 0
21, 100, 1000
8  V 7  E 1
21, 100, 9000
8  V 7  E 1
21, 100, 5000
8  V 7  E 1
21, 100, 3000
8  V 7  E 1
21, 100, 7000
8  V 7  E 1
21, 100, 8000
8  V 7  E 1
21, 100, 2000
8  V 7  E 1
21, 100, 4000
8  V 7  E 1
21, 100, 6000
8  V 7  E 1
32, 100, 1000
5  V 8  E 3
32, 100, 5000
5  V 8  E 3
32, 100, 9000
5  V 8  E 3
32, 100, 3000
5  V 8  E 3
32, 100, 7000
5  V 8  E 3
32, 100, 8000
5  V 8  E 3
32, 100, 4000
5  V 8  E 3
32, 100, 2000
5  V 8  E 3
32, 100, 6000
5  V 8  E 3
43, 100, 1000
5  V 10  E 1
43, 100, 9000
5  V 10  E 1
43, 100, 5000
5  V 10  E 1
43, 100, 3000
5  V 10  E 1
43, 100, 7000
5  V 10  E 1
43, 100, 8000
5  V 10  E 1
43, 100, 2000
5  V 10  E 1
43, 100, 6000
5  V 10  E 1
43, 100, 4000
5  V 10  E 1
54, 100, 1000
8  V 5  E 3
54, 100, 9000
8  V 5  E 3
54, 100, 3000
8  V 5  E 3
54, 100, 5000
8  V 5  E 3
54, 100, 7000
8  V 5  E 3
54, 100, 8000
8  V 5  E 3
54, 100, 4000
8  V 5  E 3
54, 100, 2000
8  V 5  E 3
54, 100, 6000
8  V 5  E 3
65, 100, 1000
8  V 5  E 3
65, 100, 9000
8  V 5  E 3
65, 100, 3000
8  V 5  E 3
65, 100, 5000
8  V 5  E 3
65, 100, 7000
8  V 5  E 3
65, 100, 8000
8  V 5  E 3
65, 100, 2000
8  V 5  E 3
65, 100, 4000
8  V 5  E 3
65, 100, 6000
8  V 5  E 3
76, 100, 1000
5  V 6  E 5
76, 100, 9000
5  V 6  E 5
76, 100, 3000
5  V 6  E 5
76, 100, 5000
5  V 6  E 5
76, 100, 7000
5  V 6  E 5
76, 100, 8000
5  V 6  E 5
76, 100, 2000
5  V 6  E 5
76, 100, 4000
5  V 6  E 5
76, 100, 6000
5  V 6  E 5
87, 100, 1000
5  V 6  E 5
87, 100, 9000
5  V 6  E 5
87, 100, 3000
5  V 6  E 5
87, 100, 5000
5  V 6  E 5
87, 100, 7000
5  V 6  E 5
87, 100, 8000
5  V 6  E 5
87, 100, 2000
5  V 6  E 5
87, 100, 4000
5  V 6  E 5
87, 100, 6000
5  V 6  E 5
98, 100, 1000
4  V 6  E 6
98, 100, 9000
4  V 6  E 6
98, 100, 3000
4  V 6  E 6
98, 100, 5000
4  V 6  E 6
98, 100, 7000
4  V 6  E 6
98, 100, 8000
4  V 6  E 6
98, 100, 4000
4  V 6  E 6
98, 100, 6000
4  V 6  E 6
98, 100, 2000
4  V 6  E 6
10, 210, 1000
8  V 8  E 0
10, 430, 3000
8  V 8  E 0
10, 1090, 9000
8  V 8  E 0
10, 650, 5000
8  V 8  E 0
10, 870, 7000
8  V 8  E 0
10, 980, 8000
8  V 8  E 0
10, 540, 4000
8  V 8  E 0
10, 760, 6000
8  V 8  E 0
10, 320, 2000
8  V 8  E 0
33, 210, 1000
8  V 8  E 0
57, 430, 3000
8  V 8  E 0
129, 1090, 9000
8  V 8  E 0
81, 650, 5000
8  V 8  E 0
105, 870, 7000
8  V 8  E 0
117, 980, 8000
8  V 8  E 0
69, 540, 4000
8  V 8  E 0
93, 760, 6000
8  V 8  E 0
45, 320, 2000
8  V 8  E 0
56, 210, 1000
5  V 8  E 3
104, 430, 3000
8  V 7  E 1
248, 1090, 9000
8  V 7  E 1
152, 650, 5000
8  V 7  E 1
200, 870, 7000
8  V 7  E 1
128, 540, 4000
8  V 7  E 1
224, 980, 8000
8  V 7  E 1
176, 760, 6000
8  V 7  E 1
80, 320, 2000
7  V 7  E 2
79, 210, 1000
5  V 10  E 1
151, 430, 3000
5  V 10  E 1
223, 650, 5000
5  V 10  E 1
295, 870, 7000
5  V 10  E 1
367, 1090, 9000
5  V 10  E 1
187, 540, 4000
5  V 10  E 1
331, 980, 8000
5  V 10  E 1
259, 760, 6000
5  V 10  E 1
115, 320, 2000
5  V 10  E 1
102, 210, 1000
5  V 10  E 1
198, 430, 3000
5  V 10  E 1
294, 650, 5000
5  V 10  E 1
486, 1090, 9000
5  V 10  E 1
390, 870, 7000
5  V 10  E 1
246, 540, 4000
5  V 10  E 1
438, 980, 8000
5  V 10  E 1
342, 760, 6000
5  V 10  E 1
150, 320, 2000
5  V 10  E 1
125, 210, 1000
8  V 5  E 3
245, 430, 3000
8  V 5  E 3
485, 870, 7000
8  V 5  E 3
365, 650, 5000
8  V 5  E 3
605, 1090, 9000
8  V 5  E 3
425, 760, 6000
8  V 5  E 3
305, 540, 4000
8  V 5  E 3
545, 980, 8000
8  V 5  E 3
185, 320, 2000
8  V 5  E 3
148, 210, 1000
5  V 7  E 4
292, 430, 3000
5  V 7  E 4
580, 870, 7000
5  V 8  E 3
436, 650, 5000
5  V 7  E 4
724, 1090, 9000
8  V 5  E 3
508, 760, 6000
5  V 7  E 4
364, 540, 4000
5  V 7  E 4
652, 980, 8000
8  V 5  E 3
220, 320, 2000
5  V 7  E 4
171, 210, 1000
5  V 6  E 5
339, 430, 3000
5  V 6  E 5
675, 870, 7000
5  V 6  E 5
507, 650, 5000
5  V 6  E 5
843, 1090, 9000
5  V 6  E 5
591, 760, 6000
5  V 6  E 5
423, 540, 4000
5  V 6  E 5
759, 980, 8000
5  V 6  E 5
255, 320, 2000
5  V 6  E 5
194, 210, 1000
5  V 6  E 5
386, 430, 3000
5  V 6  E 5
770, 870, 7000
5  V 6  E 5
578, 650, 5000
5  V 6  E 5
962, 1090, 9000
5  V 6  E 5
674, 760, 6000
5  V 6  E 5
482, 540, 4000
5  V 6  E 5
866, 980, 8000
5  V 6  E 5
290, 320, 2000
5  V 6  E 5
649, 650, 5000
5  V 6  E 5
865, 870, 7000
5  V 6  E 5
1081, 1090, 9000
5  V 6  E 5
10, 320, 1000
8  V 8  E 0
10, 760, 3000
8  V 8  E 0
757, 760, 6000
5  V 6  E 5
973, 980, 8000
5  V 6  E 5
10, 980, 4000
8  V 8  E 0
10, 540, 2000
8  V 8  E 0
10, 1200, 5000
8  V 8  E 0
10, 2080, 9000
8  V 8  E 0
10, 1640, 7000
8  V 8  E 0
45, 320, 1000
8  V 8  E 0
10, 1420, 6000
8  V 8  E 0
93, 760, 3000
8  V 8  E 0
10, 1860, 8000
8  V 8  E 0
117, 980, 4000
8  V 8  E 0
69, 540, 2000
8  V 8  E 0
80, 320, 1000
7  V 7  E 2
142, 1200, 5000
8  V 8  E 0
190, 1640, 7000
8  V 8  E 0
238, 2080, 9000
8  V 8  E 0
176, 760, 3000
8  V 7  E 1
166, 1420, 6000
8  V 8  E 0
224, 980, 4000
8  V 7  E 1
214, 1860, 8000
8  V 8  E 0
128, 540, 2000
8  V 7  E 1
274, 1200, 5000
8  V 7  E 1
115, 320, 1000
5  V 10  E 1
370, 1640, 7000
8  V 7  E 1
466, 2080, 9000
8  V 7  E 1
259, 760, 3000
5  V 10  E 1
322, 1420, 6000
8  V 7  E 1
331, 980, 4000
5  V 10  E 1
418, 1860, 8000
8  V 7  E 1
187, 540, 2000
5  V 10  E 1
406, 1200, 5000
5  V 10  E 1
150, 320, 1000
5  V 10  E 1
550, 1640, 7000
5  V 10  E 1
694, 2080, 9000
6  V 9  E 1
342, 760, 3000
5  V 10  E 1
478, 1420, 6000
5  V 10  E 1
438, 980, 4000
5  V 10  E 1
622, 1860, 8000
5  V 10  E 1
246, 540, 2000
5  V 10  E 1
185, 320, 1000
8  V 5  E 3
538, 1200, 5000
5  V 10  E 1
730, 1640, 7000
5  V 10  E 1
425, 760, 3000
8  V 5  E 3
922, 2080, 9000
5  V 10  E 1
634, 1420, 6000
5  V 10  E 1
545, 980, 4000
8  V 5  E 3
826, 1860, 8000
5  V 10  E 1
305, 540, 2000
8  V 5  E 3
220, 320, 1000
5  V 7  E 4
670, 1200, 5000
8  V 5  E 3
910, 1640, 7000
8  V 5  E 3
508, 760, 3000
5  V 7  E 4
1150, 2080, 9000
8  V 5  E 3
652, 980, 4000
8  V 5  E 3
790, 1420, 6000
8  V 5  E 3
1030, 1860, 8000
8  V 5  E 3
364, 540, 2000
5  V 7  E 4
255, 320, 1000
5  V 6  E 5
802, 1200, 5000
5  V 7  E 4
1090, 1640, 7000
8  V 5  E 3
591, 760, 3000
5  V 6  E 5
1378, 2080, 9000
8  V 5  E 3
946, 1420, 6000
6  V 7  E 3
759, 980, 4000
5  V 6  E 5
1234, 1860, 8000
8  V 5  E 3
423, 540, 2000
5  V 6  E 5
290, 320, 1000
5  V 6  E 5
934, 1200, 5000
5  V 6  E 5
1270, 1640, 7000
5  V 6  E 5
674, 760, 3000
5  V 6  E 5
1606, 2080, 9000
5  V 6  E 5
1102, 1420, 6000
5  V 6  E 5
866, 980, 4000
5  V 6  E 5
1438, 1860, 8000
5  V 6  E 5
482, 540, 2000
5  V 6  E 5
1066, 1200, 5000
5  V 6  E 5
10, 430, 1000
8  V 8  E 0
1450, 1640, 7000
5  V 6  E 5
757, 760, 3000
5  V 6  E 5
1834, 2080, 9000
5  V 6  E 5
1258, 1420, 6000
5  V 6  E 5
973, 980, 4000
5  V 6  E 5
1642, 1860, 8000
5  V 6  E 5
10, 760, 2000
8  V 8  E 0
1198, 1200, 5000
4  V 6  E 6
1630, 1640, 7000
5  V 6  E 5
57, 430, 1000
8  V 8  E 0
2062, 2080, 9000
5  V 6  E 5
1414, 1420, 6000
5  V 6  E 5
10, 1090, 3000
8  V 8  E 0
10, 1420, 4000
8  V 8  E 0
1846, 1860, 8000
5  V 6  E 5
93, 760, 2000
8  V 8  E 0
10, 1750, 5000
8  V 8  E 0
10, 2410, 7000
8  V 8  E 0
104, 430, 1000
7  V 8  E 1
10, 3070, 9000
8  V 8  E 0
10, 2080, 6000
8  V 8  E 0
129, 1090, 3000
8  V 8  E 0
166, 1420, 4000
8  V 8  E 0
10, 2740, 8000
8  V 8  E 0
176, 760, 2000
8  V 7  E 1
202, 1750, 5000
8  V 8  E 0
151, 430, 1000
5  V 10  E 1
275, 2410, 7000
8  V 8  E 0
347, 3070, 9000
8  V 8  E 0
248, 1090, 3000
8  V 7  E 1
238, 2080, 6000
8  V 8  E 0
322, 1420, 4000
8  V 7  E 1
311, 2740, 8000
8  V 8  E 0
259, 760, 2000
5  V 10  E 1
394, 1750, 5000
8  V 7  E 1
198, 430, 1000
4  V 11  E 1
540, 2410, 7000
8  V 7  E 1
684, 3070, 9000
8  V 7  E 1
367, 1090, 3000
5  V 10  E 1
466, 2080, 6000
8  V 7  E 1
478, 1420, 4000
5  V 10  E 1
612, 2740, 8000
8  V 7  E 1
245, 430, 1000
7  V 7  E 2
342, 760, 2000
5  V 10  E 1
586, 1750, 5000
5  V 10  E 1
805, 2410, 7000
5  V 10  E 1
1021, 3070, 9000
5  V 8  E 3
486, 1090, 3000
5  V 10  E 1
694, 2080, 6000
6  V 9  E 1
634, 1420, 4000
5  V 10  E 1
913, 2740, 8000
4  V 9  E 3
292, 430, 1000
2  V 12  E 2
425, 760, 2000
7  V 7  E 2
778, 1750, 5000
5  V 10  E 1
605, 1090, 3000
8  V 5  E 3
1070, 2410, 7000
5  V 10  E 1
1358, 3070, 9000
5  V 10  E 1
922, 2080, 6000
5  V 10  E 1
339, 430, 1000
2  V 13  E 1
790, 1420, 4000
8  V 5  E 3
1214, 2740, 8000
5  V 10  E 1
508, 760, 2000
4  V 9  E 3
970, 1750, 5000
8  V 5  E 3
724, 1090, 3000
7  V 7  E 2
1335, 2410, 7000
8  V 5  E 3
1695, 3070, 9000
8  V 5  E 3
386, 430, 1000
2  V 13  E 1
946, 1420, 4000
6  V 8  E 2
1150, 2080, 6000
8  V 5  E 3
1515, 2740, 8000
8  V 5  E 3
591, 760, 2000
4  V 8  E 4
1162, 1750, 5000
7  V 7  E 2
843, 1090, 3000
4  V 8  E 4
1600, 2410, 7000
7  V 7  E 2
2032, 3070, 9000
7  V 7  E 2
10, 540, 1000
6  V 9  E 1
1102, 1420, 4000
5  V 6  E 5
1378, 2080, 6000
7  V 7  E 2
1816, 2740, 8000
7  V 7  E 2
674, 760, 2000
2  V 13  E 1
1354, 1750, 5000
5  V 6  E 5
962, 1090, 3000
2  V 12  E 2
1865, 2410, 7000
5  V 6  E 5
2369, 3070, 9000
5  V 6  E 5
1258, 1420, 4000
4  V 8  E 4
1606, 2080, 6000
5  V 6  E 5
69, 540, 1000
6  V 9  E 1
757, 760, 2000
2  V 13  E 1
2117, 2740, 8000
5  V 6  E 5
1081, 1090, 3000
2  V 13  E 1
1546, 1750, 5000
4  V 8  E 4
2130, 2410, 7000
5  V 6  E 5
2706, 3070, 9000
5  V 6  E 5
1414, 1420, 4000
2  V 13  E 1
1834, 2080, 6000
5  V 6  E 5
128, 540, 1000
6  V 10  E 0
2418, 2740, 8000
5  V 6  E 5
10, 980, 2000
8  V 8  E 0
1738, 1750, 5000
2  V 13  E 1
2395, 2410, 7000
2  V 13  E 1
10, 1420, 3000
8  V 8  E 0
3043, 3070, 9000
2  V 13  E 1
2062, 2080, 6000
2  V 13  E 1
187, 540, 1000
5  V 10  E 1
10, 1860, 4000
8  V 8  E 0
2719, 2740, 8000
2  V 13  E 1
117, 980, 2000
7  V 9  E 0
10, 2300, 5000
8  V 8  E 0
10, 3180, 7000
8  V 8  E 0
166, 1420, 3000
7  V 9  E 0
10, 4060, 9000
8  V 8  E 0
246, 540, 1000
4  V 11  E 1
10, 2740, 6000
8  V 8  E 0
214, 1860, 4000
7  V 9  E 0
10, 3620, 8000
8  V 8  E 0
224, 980, 2000
7  V 9  E 0
263, 2300, 5000
7  V 9  E 0
322, 1420, 3000
7  V 9  E 0
305, 540, 1000
5  V 10  E 1
359, 3180, 7000
7  V 9  E 0
456, 4060, 9000
7  V 9  E 0
311, 2740, 6000
7  V 9  E 0
418, 1860, 4000
7  V 9  E 0
408, 3620, 8000
7  V 9  E 0
331, 980, 2000
5  V 10  E 1
364, 540, 1000
3  V 12  E 1
516, 2300, 5000
7  V 9  E 0
478, 1420, 3000
5  V 10  E 1
708, 3180, 7000
7  V 9  E 0
902, 4060, 9000
7  V 9  E 0
612, 2740, 6000
7  V 9  E 0
622, 1860, 4000
5  V 10  E 1
806, 3620, 8000
7  V 9  E 0
423, 540, 1000
2  V 13  E 1
438, 980, 2000
4  V 11  E 1
769, 2300, 5000
5  V 10  E 1
634, 1420, 3000
4  V 11  E 1
1057, 3180, 7000
5  V 8  E 3
1348, 4060, 9000
5  V 8  E 3
913, 2740, 6000
4  V 9  E 3
482, 540, 1000
2  V 12  E 2
826, 1860, 4000
4  V 11  E 1
1204, 3620, 8000
5  V 8  E 3
545, 980, 2000
5  V 9  E 2
790, 1420, 3000
7  V 7  E 2
1022, 2300, 5000
4  V 11  E 1
1406, 3180, 7000
4  V 11  E 1
1794, 4060, 9000
4  V 11  E 1
1030, 1860, 4000
7  V 7  E 2
1214, 2740, 6000
4  V 11  E 1
10, 650, 1000
6  V 9  E 1
652, 980, 2000
5  V 9  E 2
1602, 3620, 8000
4  V 11  E 1
946, 1420, 3000
4  V 10  E 2
1275, 2300, 5000
7  V 7  E 2
1755, 3180, 7000
7  V 7  E 2
2240, 4060, 9000
7  V 7  E 2
1234, 1860, 4000
5  V 9  E 2
1515, 2740, 6000
7  V 7  E 2
759, 980, 2000
2  V 13  E 1
81, 650, 1000
6  V 9  E 1
1102, 1420, 3000
2  V 13  E 1
2000, 3620, 8000
7  V 7  E 2
1528, 2300, 5000
5  V 9  E 2
2104, 3180, 7000
5  V 9  E 2
2686, 4060, 9000
5  V 9  E 2
1438, 1860, 4000
2  V 13  E 1
1816, 2740, 6000
5  V 9  E 2
866, 980, 2000
2  V 13  E 1
1258, 1420, 3000
2  V 13  E 1
152, 650, 1000
5  V 11  E 0
2398, 3620, 8000
5  V 9  E 2
1781, 2300, 5000
2  V 13  E 1
2453, 3180, 7000
2  V 13  E 1
3132, 4060, 9000
2  V 13  E 1
1642, 1860, 4000
2  V 13  E 1
2117, 2740, 6000
2  V 13  E 1
973, 980, 2000
2  V 13  E 1
1414, 1420, 3000
2  V 13  E 1
223, 650, 1000
4  V 11  E 1
2034, 2300, 5000
2  V 13  E 1
2796, 3620, 8000
2  V 13  E 1
2802, 3180, 7000
2  V 13  E 1
3578, 4060, 9000
2  V 13  E 1
1846, 1860, 4000
2  V 13  E 1
2418, 2740, 6000
2  V 13  E 1
10, 1200, 2000
6  V 9  E 1
2287, 2300, 5000
2  V 13  E 1
294, 650, 1000
3  V 12  E 1
3194, 3620, 8000
2  V 13  E 1
10, 1750, 3000
6  V 9  E 1
3151, 3180, 7000
2  V 13  E 1
4024, 4060, 9000
2  V 13  E 1
2719, 2740, 6000
2  V 13  E 1
10, 2300, 4000
6  V 9  E 1
365, 650, 1000
5  V 10  E 1
3592, 3620, 8000
2  V 13  E 1
10, 2850, 5000
6  V 9  E 1
142, 1200, 2000
6  V 9  E 1
202, 1750, 3000
6  V 9  E 1
10, 3950, 7000
6  V 9  E 1
10, 5050, 9000
6  V 9  E 1
436, 650, 1000
3  V 12  E 1
10, 3400, 6000
6  V 9  E 1
263, 2300, 4000
6  V 9  E 1
10, 4500, 8000
6  V 9  E 1
274, 1200, 2000
6  V 10  E 0
323, 2850, 5000
6  V 9  E 1
394, 1750, 3000
6  V 10  E 0
444, 3950, 7000
6  V 9  E 1
507, 650, 1000
2  V 14  E 0
565, 5050, 9000
6  V 9  E 1
516, 2300, 4000
6  V 10  E 0
384, 3400, 6000
6  V 9  E 1
406, 1200, 2000
4  V 11  E 1
586, 1750, 3000
5  V 10  E 1
505, 4500, 8000
6  V 9  E 1
636, 2850, 5000
6  V 10  E 0
578, 650, 1000
1  V 15  E 0
878, 3950, 7000
6  V 10  E 0
1120, 5050, 9000
6  V 10  E 0
649, 650, 1000
1  V 15  E 0
769, 2300, 4000
5  V 10  E 1
758, 3400, 6000
6  V 10  E 0
538, 1200, 2000
4  V 11  E 1
778, 1750, 3000
4  V 11  E 1
1000, 4500, 8000
6  V 10  E 0
949, 2850, 5000
5  V 8  E 3
1312, 3950, 7000
5  V 8  E 3
1675, 5050, 9000
5  V 8  E 3
1022, 2300, 4000
4  V 11  E 1
10, 760, 1000
6  V 9  E 1
1132, 3400, 6000
5  V 8  E 3
670, 1200, 2000
5  V 10  E 1
970, 1750, 3000
5  V 10  E 1
1262, 2850, 5000
4  V 11  E 1
1495, 4500, 8000
5  V 8  E 3
1746, 3950, 7000
4  V 11  E 1
2230, 5050, 9000
4  V 11  E 1
1275, 2300, 4000
5  V 10  E 1
802, 1200, 2000
3  V 12  E 1
1506, 3400, 6000
4  V 11  E 1
1162, 1750, 3000
5  V 10  E 1
93, 760, 1000
5  V 10  E 1
1575, 2850, 5000
5  V 10  E 1
2180, 3950, 7000
5  V 10  E 1
1990, 4500, 8000
4  V 11  E 1
2785, 5050, 9000
5  V 10  E 1
1528, 2300, 4000
5  V 10  E 1
934, 1200, 2000
2  V 12  E 2
1354, 1750, 3000
2  V 12  E 2
1880, 3400, 6000
5  V 10  E 1
176, 760, 1000
5  V 11  E 0
1888, 2850, 5000
5  V 10  E 1
2614, 3950, 7000
5  V 10  E 1
2485, 4500, 8000
5  V 10  E 1
1781, 2300, 4000
2  V 12  E 2
3340, 5050, 9000
5  V 10  E 1
1066, 1200, 2000
2  V 14  E 0
1546, 1750, 3000
2  V 14  E 0
2254, 3400, 6000
5  V 10  E 1
259, 760, 1000
5  V 11  E 0
2201, 2850, 5000
2  V 12  E 2
3048, 3950, 7000
2  V 13  E 1
2980, 4500, 8000
5  V 10  E 1
1198, 1200, 2000
1  V 15  E 0
1738, 1750, 3000
1  V 15  E 0
2034, 2300, 4000
2  V 14  E 0
3895, 5050, 9000
2  V 13  E 1
2514, 2850, 5000
2  V 14  E 0
2628, 3400, 6000
2  V 12  E 2
342, 760, 1000
3  V 13  E 0
3482, 3950, 7000
2  V 12  E 2
2287, 2300, 4000
1  V 15  E 0
3475, 4500, 8000
2  V 13  E 1
4450, 5050, 9000
2  V 12  E 2
10, 1420, 2000
6  V 9  E 1
10, 2080, 3000
6  V 9  E 1
2827, 2850, 5000
1  V 15  E 0
3002, 3400, 6000
2  V 14  E 0
425, 760, 1000
5  V 10  E 1
3916, 3950, 7000
1  V 15  E 0
3970, 4500, 8000
2  V 12  E 2
5005, 5050, 9000
1  V 15  E 0
10, 2740, 4000
6  V 9  E 1
3376, 3400, 6000
1  V 15  E 0
508, 760, 1000
3  V 13  E 0
238, 2080, 3000
5  V 10  E 1
10, 3400, 5000
6  V 9  E 1
166, 1420, 2000
5  V 10  E 1
4465, 4500, 8000
1  V 15  E 0
10, 4720, 7000
6  V 9  E 1
10, 6040, 9000
6  V 9  E 1
591, 760, 1000
1  V 15  E 0
10, 4060, 6000
6  V 9  E 1
311, 2740, 4000
6  V 9  E 1
466, 2080, 3000
5  V 11  E 0
322, 1420, 2000
5  V 11  E 0
384, 3400, 5000
6  V 9  E 1
10, 5380, 8000
6  V 9  E 1
529, 4720, 7000
6  V 9  E 1
674, 760, 1000
1  V 15  E 0
674, 6040, 9000
6  V 9  E 1
612, 2740, 4000
5  V 11  E 0
456, 4060, 6000
6  V 9  E 1
694, 2080, 3000
4  V 11  E 1
478, 1420, 2000
4  V 11  E 1
758, 3400, 5000
5  V 11  E 0
757, 760, 1000
1  V 15  E 0
1048, 4720, 7000
5  V 11  E 0
601, 5380, 8000
6  V 9  E 1
1338, 6040, 9000
5  V 11  E 0
913, 2740, 4000
5  V 9  E 2
922, 2080, 3000
3  V 12  E 1
902, 4060, 6000
5  V 11  E 0
634, 1420, 2000
4  V 12  E 0
1132, 3400, 5000
6  V 9  E 1
10, 870, 1000
6  V 9  E 1
1567, 4720, 7000
6  V 9  E 1
1192, 5380, 8000
5  V 11  E 0
2002, 6040, 9000
6  V 9  E 1
1214, 2740, 4000
3  V 12  E 1
1150, 2080, 3000
5  V 10  E 1
790, 1420, 2000
5  V 10  E 1
1348, 4060, 6000
6  V 9  E 1
1506, 3400, 5000
3  V 12  E 1
105, 870, 1000
3  V 13  E 0
2086, 4720, 7000
3  V 12  E 1
1783, 5380, 8000
6  V 9  E 1
1515, 2740, 4000
5  V 10  E 1
1378, 2080, 3000
5  V 10  E 1
2666, 6040, 9000
3  V 12  E 1
946, 1420, 2000
4  V 11  E 1
1794, 4060, 6000
3  V 12  E 1
1880, 3400, 5000
5  V 10  E 1
200, 870, 1000
5  V 11  E 0
2605, 4720, 7000
5  V 10  E 1
1606, 2080, 3000
2  V 14  E 0
2374, 5380, 8000
3  V 12  E 1
1102, 1420, 2000
2  V 14  E 0
1816, 2740, 4000
5  V 10  E 1
3330, 6040, 9000
5  V 10  E 1
2240, 4060, 6000
5  V 10  E 1
2254, 3400, 5000
5  V 10  E 1
295, 870, 1000
5  V 11  E 0
1834, 2080, 3000
1  V 15  E 0
3124, 4720, 7000
5  V 10  E 1
1258, 1420, 2000
1  V 15  E 0
2965, 5380, 8000
5  V 10  E 1
2117, 2740, 4000
2  V 14  E 0
3994, 6040, 9000
5  V 10  E 1
2628, 3400, 5000
2  V 14  E 0
2686, 4060, 6000
5  V 10  E 1
2062, 2080, 3000
1  V 15  E 0
3643, 4720, 7000
2  V 14  E 0
390, 870, 1000
3  V 13  E 0
1414, 1420, 2000
1  V 15  E 0
2418, 2740, 4000
1  V 15  E 0
4658, 6040, 9000
2  V 14  E 0
3556, 5380, 8000
5  V 10  E 1
3002, 3400, 5000
1  V 15  E 0
3132, 4060, 6000
2  V 14  E 0
4162, 4720, 7000
1  V 15  E 0
485, 870, 1000
5  V 10  E 1
2719, 2740, 4000
1  V 15  E 0
10, 2410, 3000
6  V 9  E 1
5322, 6040, 9000
1  V 15  E 0
4147, 5380, 8000
2  V 14  E 0
3376, 3400, 5000
1  V 15  E 0
10, 1640, 2000
6  V 9  E 1
3578, 4060, 6000
1  V 15  E 0
4681, 4720, 7000
1  V 15  E 0
580, 870, 1000
3  V 13  E 0
5986, 6040, 9000
1  V 15  E 0
4738, 5380, 8000
1  V 15  E 0
4024, 4060, 6000
1  V 15  E 0
10, 3180, 4000
6  V 9  E 1
275, 2410, 3000
5  V 10  E 1
10, 3950, 5000
6  V 9  E 1
190, 1640, 2000
3  V 13  E 0
675, 870, 1000
1  V 15  E 0
10, 5490, 7000
6  V 9  E 1
5329, 5380, 8000
1  V 15  E 0
10, 7030, 9000
6  V 9  E 1
10, 4720, 6000
6  V 9  E 1
540, 2410, 3000
5  V 11  E 0
770, 870, 1000
1  V 15  E 0
359, 3180, 4000
5  V 10  E 1
370, 1640, 2000
5  V 11  E 0
444, 3950, 5000
5  V 10  E 1
613, 5490, 7000
5  V 10  E 1
10, 6260, 8000
6  V 9  E 1
865, 870, 1000
1  V 15  E 0
783, 7030, 9000
5  V 10  E 1
805, 2410, 3000
5  V 11  E 0
708, 3180, 4000
5  V 11  E 0
550, 1640, 2000
5  V 11  E 0
529, 4720, 6000
5  V 10  E 1
878, 3950, 5000
5  V 11  E 0
1216, 5490, 7000
5  V 11  E 0
698, 6260, 8000
5  V 10  E 1
1070, 2410, 3000
3  V 13  E 0
10, 980, 1000
5  V 10  E 1
1556, 7030, 9000
5  V 11  E 0
730, 1640, 2000
3  V 13  E 0
1057, 3180, 4000
5  V 10  E 1
1048, 4720, 6000
5  V 11  E 0
1312, 3950, 5000
5  V 10  E 1
1819, 5490, 7000
5  V 10  E 1
1335, 2410, 3000
5  V 10  E 1
117, 980, 1000
3  V 13  E 0
1386, 6260, 8000
5  V 11  E 0
2329, 7030, 9000
5  V 10  E 1
910, 1640, 2000
5  V 10  E 1
1406, 3180, 4000
3  V 13  E 0
1746, 3950, 5000
3  V 13  E 0
1567, 4720, 6000
5  V 10  E 1
1600, 2410, 3000
4  V 12  E 0
2422, 5490, 7000
3  V 13  E 0
1090, 1640, 2000
4  V 12  E 0
224, 980, 1000
5  V 11  E 0
2074, 6260, 8000
5  V 10  E 1
3102, 7030, 9000
3  V 13  E 0
1755, 3180, 4000
5  V 10  E 1
2180, 3950, 5000
5  V 10  E 1
2086, 4720, 6000
3  V 13  E 0
1865, 2410, 3000
1  V 15  E 0
3025, 5490, 7000
5  V 10  E 1
1270, 1640, 2000
1  V 15  E 0
331, 980, 1000
5  V 11  E 0
2104, 3180, 4000
4  V 12  E 0
2762, 6260, 8000
3  V 13  E 0
3875, 7030, 9000
5  V 10  E 1
2614, 3950, 5000
4  V 12  E 0
2130, 2410, 3000
1  V 15  E 0
2605, 4720, 6000
5  V 10  E 1
3628, 5490, 7000
4  V 12  E 0
1450, 1640, 2000
1  V 15  E 0
2453, 3180, 4000
1  V 15  E 0
438, 980, 1000
3  V 13  E 0
4648, 7030, 9000
4  V 12  E 0
3048, 3950, 5000
1  V 15  E 0
3450, 6260, 8000
5  V 10  E 1
2395, 2410, 3000
1  V 15  E 0
3124, 4720, 6000
4  V 12  E 0
4231, 5490, 7000
1  V 15  E 0
1630, 1640, 2000
1  V 15  E 0
2802, 3180, 4000
1  V 15  E 0
545, 980, 1000
4  V 12  E 0
3482, 3950, 5000
1  V 15  E 0
5421, 7030, 9000
1  V 15  E 0
4138, 6260, 8000
4  V 12  E 0
3643, 4720, 6000
1  V 15  E 0
4834, 5490, 7000
1  V 15  E 0
10, 2740, 3000
6  V 9  E 1
3151, 3180, 4000
1  V 15  E 0
3916, 3950, 5000
1  V 15  E 0
652, 980, 1000
4  V 12  E 0
6194, 7030, 9000
1  V 15  E 0
4826, 6260, 8000
1  V 15  E 0
10, 1860, 2000
6  V 9  E 1
4162, 4720, 6000
1  V 15  E 0
5437, 5490, 7000
1  V 15  E 0
311, 2740, 3000
3  V 13  E 0
759, 980, 1000
1  V 15  E 0
6967, 7030, 9000
1  V 15  E 0
5514, 6260, 8000
1  V 15  E 0
4681, 4720, 6000
1  V 15  E 0
10, 3620, 4000
6  V 9  E 1
10, 4500, 5000
6  V 9  E 1
214, 1860, 2000
3  V 13  E 0
10, 6260, 7000
6  V 9  E 1
866, 980, 1000
1  V 15  E 0
612, 2740, 3000
5  V 11  E 0
6202, 6260, 8000
1  V 15  E 0
10, 8020, 9000
6  V 9  E 1
408, 3620, 4000
3  V 13  E 0
505, 4500, 5000
3  V 13  E 0
10, 5380, 6000
6  V 9  E 1
418, 1860, 2000
5  V 11  E 0
973, 980, 1000
1  V 15  E 0
698, 6260, 7000
3  V 13  E 0
913, 2740, 3000
4  V 10  E 2
10, 7140, 8000
6  V 9  E 1
892, 8020, 9000
3  V 13  E 0
806, 3620, 4000
5  V 11  E 0
1000, 4500, 5000
5  V 11  E 0
622, 1860, 2000
5  V 11  E 0
601, 5380, 6000
3  V 13  E 0
1214, 2740, 3000
3  V 13  E 0
1386, 6260, 7000
5  V 11  E 0
10, 100, 1500
8  V 8  E 0
795, 7140, 8000
3  V 13  E 0
1774, 8020, 9000
5  V 11  E 0
1204, 3620, 4000
5  V 10  E 1
826, 1860, 2000
3  V 13  E 0
1495, 4500, 5000
5  V 10  E 1
1192, 5380, 6000
5  V 11  E 0
1515, 2740, 3000
4  V 12  E 0
2074, 6260, 7000
5  V 10  E 1
21, 100, 1500
8  V 7  E 1
1030, 1860, 2000
4  V 12  E 0
1602, 3620, 4000
3  V 13  E 0
1580, 7140, 8000
5  V 11  E 0
1990, 4500, 5000
3  V 13  E 0
2656, 8020, 9000
5  V 10  E 1
1816, 2740, 3000
4  V 12  E 0
1783, 5380, 6000
5  V 10  E 1
2762, 6260, 7000
3  V 13  E 0
1234, 1860, 2000
4  V 12  E 0
2117, 2740, 3000
1  V 15  E 0
2000, 3620, 4000
5  V 10  E 1
2485, 4500, 5000
5  V 10  E 1
32, 100, 1500
5  V 8  E 3
3538, 8020, 9000
3  V 13  E 0
2365, 7140, 8000
5  V 10  E 1
2374, 5380, 6000
3  V 13  E 0
3450, 6260, 7000
5  V 10  E 1
1438, 1860, 2000
1  V 15  E 0
2418, 2740, 3000
1  V 15  E 0
2398, 3620, 4000
4  V 12  E 0
2980, 4500, 5000
4  V 12  E 0
4420, 8020, 9000
5  V 10  E 1
3150, 7140, 8000
3  V 13  E 0
2965, 5380, 6000
5  V 10  E 1
43, 100, 1500
5  V 10  E 1
4138, 6260, 7000
4  V 12  E 0
1642, 1860, 2000
1  V 15  E 0
2719, 2740, 3000
1  V 15  E 0
3475, 4500, 5000
1  V 15  E 0
2796, 3620, 4000
1  V 15  E 0
5302, 8020, 9000
4  V 12  E 0
3935, 7140, 8000
5  V 10  E 1
3556, 5380, 6000
4  V 12  E 0
4826, 6260, 7000
1  V 15  E 0
1846, 1860, 2000
1  V 15  E 0
3970, 4500, 5000
1  V 15  E 0
3194, 3620, 4000
1  V 15  E 0
54, 100, 1500
8  V 5  E 3
6184, 8020, 9000
1  V 15  E 0
10, 100, 3500
8  V 8  E 0
4720, 7140, 8000
4  V 12  E 0
4147, 5380, 6000
1  V 15  E 0
5514, 6260, 7000
1  V 15  E 0
3592, 3620, 4000
1  V 15  E 0
4465, 4500, 5000
1  V 15  E 0
7066, 8020, 9000
1  V 15  E 0
10, 100, 2500
8  V 8  E 0
65, 100, 1500
8  V 5  E 3
5505, 7140, 8000
1  V 15  E 0
4738, 5380, 6000
1  V 15  E 0
6202, 6260, 7000
1  V 15  E 0
21, 100, 3500
8  V 7  E 1
7948, 8020, 9000
1  V 15  E 0
6290, 7140, 8000
1  V 15  E 0
5329, 5380, 6000
1  V 15  E 0
10, 100, 5500
8  V 8  E 0
10, 100, 4500
8  V 8  E 0
76, 100, 1500
5  V 6  E 5
21, 100, 2500
8  V 7  E 1
10, 100, 7500
8  V 8  E 0
7075, 7140, 8000
1  V 15  E 0
32, 100, 3500
5  V 8  E 3
10, 100, 9500
8  V 8  E 0
21, 100, 5500
8  V 7  E 1
21, 100, 4500
8  V 7  E 1
10, 100, 6500
8  V 8  E 0
87, 100, 1500
5  V 6  E 5
32, 100, 2500
5  V 8  E 3
21, 100, 7500
8  V 7  E 1
43, 100, 3500
5  V 10  E 1
10, 100, 8500
8  V 8  E 0
21, 100, 9500
8  V 7  E 1
32, 100, 5500
5  V 8  E 3
32, 100, 4500
5  V 8  E 3
21, 100, 6500
8  V 7  E 1
98, 100, 1500
4  V 6  E 6
43, 100, 2500
5  V 10  E 1
32, 100, 7500
5  V 8  E 3
54, 100, 3500
8  V 5  E 3
21, 100, 8500
8  V 7  E 1
32, 100, 9500
5  V 8  E 3
43, 100, 5500
5  V 10  E 1
32, 100, 6500
5  V 8  E 3
43, 100, 4500
5  V 10  E 1
10, 265, 1500
8  V 8  E 0
54, 100, 2500
8  V 5  E 3
65, 100, 3500
8  V 5  E 3
43, 100, 7500
5  V 10  E 1
32, 100, 8500
5  V 8  E 3
43, 100, 9500
5  V 10  E 1
54, 100, 5500
8  V 5  E 3
54, 100, 4500
8  V 5  E 3
43, 100, 6500
5  V 10  E 1
65, 100, 2500
8  V 5  E 3
39, 265, 1500
8  V 8  E 0
76, 100, 3500
5  V 6  E 5
54, 100, 7500
8  V 5  E 3
43, 100, 8500
5  V 10  E 1
54, 100, 9500
8  V 5  E 3
65, 100, 5500
8  V 5  E 3
65, 100, 4500
8  V 5  E 3
54, 100, 6500
8  V 5  E 3
76, 100, 2500
5  V 6  E 5
68, 265, 1500
5  V 8  E 3
87, 100, 3500
5  V 6  E 5
65, 100, 7500
8  V 5  E 3
54, 100, 8500
8  V 5  E 3
65, 100, 9500
8  V 5  E 3
76, 100, 5500
5  V 6  E 5
76, 100, 4500
5  V 6  E 5
65, 100, 6500
8  V 5  E 3
87, 100, 2500
5  V 6  E 5
98, 100, 3500
4  V 6  E 6
76, 100, 7500
5  V 6  E 5
97, 265, 1500
5  V 10  E 1
65, 100, 8500
8  V 5  E 3
76, 100, 9500
5  V 6  E 5
87, 100, 5500
5  V 6  E 5
87, 100, 4500
5  V 6  E 5
76, 100, 6500
5  V 6  E 5
98, 100, 2500
4  V 6  E 6
87, 100, 7500
5  V 6  E 5
10, 485, 3500
8  V 8  E 0
126, 265, 1500
5  V 10  E 1
76, 100, 8500
5  V 6  E 5
87, 100, 9500
5  V 6  E 5
98, 100, 5500
4  V 6  E 6
98, 100, 4500
4  V 6  E 6
87, 100, 6500
5  V 6  E 5
98, 100, 7500
4  V 6  E 6
10, 375, 2500
8  V 8  E 0
155, 265, 1500
8  V 5  E 3
63, 485, 3500
8  V 8  E 0
87, 100, 8500
5  V 6  E 5
98, 100, 9500
4  V 6  E 6
10, 705, 5500
8  V 8  E 0
98, 100, 6500
4  V 6  E 6
10, 595, 4500
8  V 8  E 0
184, 265, 1500
5  V 7  E 4
10, 925, 7500
8  V 8  E 0
51, 375, 2500
8  V 8  E 0
98, 100, 8500
4  V 6  E 6
116, 485, 3500
8  V 7  E 1
10, 1145, 9500
8  V 8  E 0
87, 705, 5500
8  V 8  E 0
10, 815, 6500
8  V 8  E 0
75, 595, 4500
8  V 8  E 0
213, 265, 1500
5  V 6  E 5
111, 925, 7500
8  V 8  E 0
92, 375, 2500
8  V 7  E 1
169, 485, 3500
5  V 10  E 1
10, 1035, 8500
8  V 8  E 0
135, 1145, 9500
8  V 8  E 0
164, 705, 5500
8  V 7  E 1
242, 265, 1500
5  V 6  E 5
140, 595, 4500
8  V 7  E 1
99, 815, 6500
8  V 8  E 0
212, 925, 7500
8  V 7  E 1
133, 375, 2500
5  V 10  E 1
222, 485, 3500
5  V 10  E 1
123, 1035, 8500
8  V 8  E 0
260, 1145, 9500
8  V 7  E 1
241, 705, 5500
5  V 10  E 1
205, 595, 4500
5  V 10  E 1
10, 430, 1500
8  V 8  E 0
188, 815, 6500
8  V 7  E 1
313, 925, 7500
5  V 10  E 1
275, 485, 3500
8  V 5  E 3
174, 375, 2500
5  V 10  E 1
236, 1035, 8500
8  V 7  E 1
385, 1145, 9500
5  V 10  E 1
318, 705, 5500
5  V 10  E 1
270, 595, 4500
5  V 10  E 1
277, 815, 6500
5  V 10  E 1
57, 430, 1500
8  V 8  E 0
328, 485, 3500
5  V 7  E 4
414, 925, 7500
5  V 10  E 1
215, 375, 2500
8  V 5  E 3
349, 1035, 8500
5  V 10  E 1
510, 1145, 9500
5  V 10  E 1
395, 705, 5500
8  V 5  E 3
335, 595, 4500
8  V 5  E 3
366, 815, 6500
5  V 10  E 1
381, 485, 3500
5  V 6  E 5
104, 430, 1500
8  V 7  E 1
515, 925, 7500
8  V 5  E 3
256, 375, 2500
5  V 7  E 4
635, 1145, 9500
8  V 5  E 3
462, 1035, 8500
5  V 10  E 1
472, 705, 5500
5  V 7  E 4
400, 595, 4500
5  V 7  E 4
455, 815, 6500
8  V 5  E 3
616, 925, 7500
6  V 7  E 3
434, 485, 3500
5  V 6  E 5
151, 430, 1500
5  V 10  E 1
297, 375, 2500
5  V 6  E 5
760, 1145, 9500
8  V 5  E 3
575, 1035, 8500
8  V 5  E 3
549, 705, 5500
5  V 6  E 5
465, 595, 4500
5  V 6  E 5
544, 815, 6500
5  V 7  E 4
717, 925, 7500
5  V 6  E 5
10, 870, 3500
8  V 8  E 0
198, 430, 1500
5  V 10  E 1
338, 375, 2500
5  V 6  E 5
885, 1145, 9500
5  V 6  E 5
688, 1035, 8500
8  V 5  E 3
626, 705, 5500
5  V 6  E 5
530, 595, 4500
5  V 6  E 5
633, 815, 6500
5  V 6  E 5
818, 925, 7500
5  V 6  E 5
245, 430, 1500
8  V 5  E 3
105, 870, 3500
8  V 8  E 0
10, 650, 2500
8  V 8  E 0
1010, 1145, 9500
5  V 6  E 5
703, 705, 5500
4  V 6  E 6
801, 1035, 8500
5  V 6  E 5
722, 815, 6500
5  V 6  E 5
919, 925, 7500
5  V 6  E 5
10, 1090, 4500
8  V 8  E 0
292, 430, 1500
5  V 7  E 4
200, 870, 3500
8  V 7  E 1
1135, 1145, 9500
5  V 6  E 5
914, 1035, 8500
5  V 6  E 5
81, 650, 2500
8  V 8  E 0
10, 1310, 5500
8  V 8  E 0
811, 815, 6500
5  V 6  E 5
339, 430, 1500
5  V 6  E 5
10, 1750, 7500
8  V 8  E 0
129, 1090, 4500
8  V 8  E 0
295, 870, 3500
5  V 10  E 1
1027, 1035, 8500
5  V 6  E 5
10, 2190, 9500
8  V 8  E 0
152, 650, 2500
8  V 7  E 1
154, 1310, 5500
8  V 8  E 0
386, 430, 1500
5  V 6  E 5
10, 1530, 6500
8  V 8  E 0
248, 1090, 4500
8  V 7  E 1
202, 1750, 7500
8  V 8  E 0
390, 870, 3500
5  V 10  E 1
10, 1970, 8500
8  V 8  E 0
250, 2190, 9500
8  V 8  E 0
223, 650, 2500
5  V 10  E 1
298, 1310, 5500
8  V 7  E 1
10, 595, 1500
8  V 8  E 0
178, 1530, 6500
8  V 8  E 0
394, 1750, 7500
8  V 7  E 1
367, 1090, 4500
5  V 10  E 1
485, 870, 3500
8  V 5  E 3
490, 2190, 9500
8  V 7  E 1
294, 650, 2500
5  V 10  E 1
226, 1970, 8500
8  V 8  E 0
442, 1310, 5500
5  V 10  E 1
346, 1530, 6500
8  V 7  E 1
75, 595, 1500
8  V 8  E 0
580, 870, 3500
5  V 8  E 3
586, 1750, 7500
5  V 10  E 1
486, 1090, 4500
5  V 10  E 1
730, 2190, 9500
6  V 8  E 2
365, 650, 2500
8  V 5  E 3
442, 1970, 8500
8  V 7  E 1
586, 1310, 5500
5  V 10  E 1
140, 595, 1500
8  V 7  E 1
514, 1530, 6500
5  V 10  E 1
675, 870, 3500
5  V 6  E 5
605, 1090, 4500
8  V 5  E 3
778, 1750, 7500
5  V 10  E 1
436, 650, 2500
5  V 7  E 4
970, 2190, 9500
5  V 10  E 1
730, 1310, 5500
8  V 5  E 3
658, 1970, 8500
5  V 10  E 1
770, 870, 3500
5  V 6  E 5
724, 1090, 4500
8  V 5  E 3
205, 595, 1500
5  V 10  E 1
682, 1530, 6500
5  V 10  E 1
970, 1750, 7500
8  V 5  E 3
1210, 2190, 9500
8  V 5  E 3
874, 1310, 5500
5  V 7  E 4
507, 650, 2500
5  V 6  E 5
874, 1970, 8500
5  V 10  E 1
865, 870, 3500
5  V 6  E 5
843, 1090, 4500
5  V 6  E 5
270, 595, 1500
5  V 10  E 1
850, 1530, 6500
8  V 5  E 3
1162, 1750, 7500
8  V 5  E 3
1450, 2190, 9500
8  V 5  E 3
1018, 1310, 5500
5  V 6  E 5
578, 650, 2500
5  V 6  E 5
1090, 1970, 8500
8  V 5  E 3
335, 595, 1500
7  V 7  E 2
962, 1090, 4500
5  V 6  E 5
1018, 1530, 6500
8  V 5  E 3
1354, 1750, 7500
5  V 6  E 5
10, 1255, 3500
8  V 8  E 0
1690, 2190, 9500
5  V 6  E 5
649, 650, 2500
6  V 5  E 5
1162, 1310, 5500
5  V 6  E 5
1306, 1970, 8500
8  V 5  E 3
400, 595, 1500
4  V 9  E 3
1081, 1090, 4500
5  V 6  E 5
1546, 1750, 7500
5  V 6  E 5
1186, 1530, 6500
5  V 6  E 5
148, 1255, 3500
8  V 8  E 0
1930, 2190, 9500
5  V 6  E 5
1306, 1310, 5500
5  V 6  E 5
10, 925, 2500
8  V 8  E 0
1522, 1970, 8500
5  V 6  E 5
465, 595, 1500
2  V 12  E 2
1738, 1750, 7500
5  V 6  E 5
1354, 1530, 6500
5  V 6  E 5
10, 1585, 4500
8  V 8  E 0
286, 1255, 3500
8  V 7  E 1
2170, 2190, 9500
5  V 6  E 5
10, 1915, 5500
8  V 8  E 0
530, 595, 1500
2  V 13  E 1
1738, 1970, 8500
5  V 6  E 5
111, 925, 2500
8  V 8  E 0
1522, 1530, 6500
5  V 6  E 5
10, 2575, 7500
8  V 8  E 0
184, 1585, 4500
8  V 8  E 0
424, 1255, 3500
5  V 10  E 1
10, 3235, 9500
8  V 8  E 0
10, 760, 1500
6  V 9  E 1
1954, 1970, 8500
5  V 6  E 5
220, 1915, 5500
8  V 8  E 0
212, 925, 2500
8  V 7  E 1
10, 2245, 6500
8  V 8  E 0
293, 2575, 7500
8  V 8  E 0
358, 1585, 4500
8  V 7  E 1
562, 1255, 3500
5  V 10  E 1
365, 3235, 9500
8  V 8  E 0
93, 760, 1500
6  V 9  E 1
430, 1915, 5500
8  V 7  E 1
10, 2905, 8500
8  V 8  E 0
313, 925, 2500
5  V 10  E 1
576, 2575, 7500
8  V 7  E 1
700, 1255, 3500
8  V 5  E 3
256, 2245, 6500
8  V 8  E 0
532, 1585, 4500
5  V 10  E 1
720, 3235, 9500
8  V 7  E 1
176, 760, 1500
7  V 9  E 0
640, 1915, 5500
5  V 10  E 1
414, 925, 2500
5  V 10  E 1
329, 2905, 8500
8  V 8  E 0
838, 1255, 3500
5  V 7  E 4
502, 2245, 6500
8  V 7  E 1
859, 2575, 7500
6  V 9  E 1
706, 1585, 4500
5  V 10  E 1
259, 760, 1500
5  V 10  E 1
1075, 3235, 9500
5  V 8  E 3
850, 1915, 5500
5  V 10  E 1
515, 925, 2500
8  V 5  E 3
648, 2905, 8500
8  V 7  E 1
976, 1255, 3500
5  V 6  E 5
748, 2245, 6500
4  V 9  E 3
880, 1585, 4500
8  V 5  E 3
1142, 2575, 7500
5  V 10  E 1
342, 760, 1500
5  V 10  E 1
1430, 3235, 9500
5  V 10  E 1
616, 925, 2500
6  V 8  E 2
1060, 1915, 5500
8  V 5  E 3
967, 2905, 8500
5  V 8  E 3
1114, 1255, 3500
4  V 8  E 4
1054, 1585, 4500
7  V 7  E 2
425, 760, 1500
5  V 10  E 1
1425, 2575, 7500
8  V 5  E 3
994, 2245, 6500
5  V 10  E 1
1785, 3235, 9500
8  V 5  E 3
1270, 1915, 5500
7  V 7  E 2
717, 925, 2500
4  V 8  E 4
1252, 1255, 3500
2  V 13  E 1
1286, 2905, 8500
5  V 10  E 1
508, 760, 1500
3  V 12  E 1
1228, 1585, 4500
5  V 6  E 5
1708, 2575, 7500
7  V 7  E 2
1240, 2245, 6500
8  V 5  E 3
2140, 3235, 9500
7  V 7  E 2
818, 925, 2500
2  V 12  E 2
1480, 1915, 5500
5  V 6  E 5
591, 760, 1500
2  V 13  E 1
10, 1640, 3500
8  V 8  E 0
1605, 2905, 8500
8  V 5  E 3
1402, 1585, 4500
4  V 8  E 4
1991, 2575, 7500
5  V 6  E 5
1486, 2245, 6500
7  V 7  E 2
919, 925, 2500
2  V 13  E 1
2495, 3235, 9500
5  V 6  E 5
1690, 1915, 5500
4  V 8  E 4
674, 760, 1500
2  V 13  E 1
1924, 2905, 8500
7  V 7  E 2
1576, 1585, 4500
2  V 13  E 1
190, 1640, 3500
7  V 9  E 0
2274, 2575, 7500
5  V 6  E 5
1732, 2245, 6500
5  V 6  E 5
1900, 1915, 5500
2  V 13  E 1
2850, 3235, 9500
5  V 6  E 5
757, 760, 1500
1  V 15  E 0
10, 1200, 2500
8  V 8  E 0
2243, 2905, 8500
5  V 6  E 5
2557, 2575, 7500
2  V 13  E 1
370, 1640, 3500
7  V 9  E 0
10, 2080, 4500
8  V 8  E 0
3205, 3235, 9500
2  V 13  E 1
1978, 2245, 6500
5  V 6  E 5
10, 2520, 5500
8  V 8  E 0
10, 925, 1500
6  V 9  E 1
142, 1200, 2500
7  V 9  E 0
2562, 2905, 8500
5  V 6  E 5
2224, 2245, 6500
2  V 13  E 1
550, 1640, 3500
5  V 10  E 1
10, 3400, 7500
8  V 8  E 0
238, 2080, 4500
7  V 9  E 0
10, 4280, 9500
8  V 8  E 0
111, 925, 1500
6  V 9  E 1
287, 2520, 5500
7  V 9  E 0
274, 1200, 2500
7  V 9  E 0
2881, 2905, 8500
2  V 13  E 1
730, 1640, 3500
4  V 11  E 1
10, 2960, 6500
8  V 8  E 0
384, 3400, 7500
7  V 9  E 0
466, 2080, 4500
7  V 9  E 0
212, 925, 1500
6  V 10  E 0
480, 4280, 9500
7  V 9  E 0
564, 2520, 5500
7  V 9  E 0
406, 1200, 2500
5  V 10  E 1
10, 3840, 8500
8  V 8  E 0
910, 1640, 3500
7  V 7  E 2
313, 925, 1500
4  V 11  E 1
758, 3400, 7500
7  V 9  E 0
335, 2960, 6500
7  V 9  E 0
694, 2080, 4500
5  V 10  E 1
950, 4280, 9500
7  V 9  E 0
841, 2520, 5500
5  V 10  E 1
538, 1200, 2500
4  V 11  E 1
1090, 1640, 3500
5  V 9  E 2
432, 3840, 8500
7  V 9  E 0
414, 925, 1500
4  V 11  E 1
1132, 3400, 7500
5  V 8  E 3
660, 2960, 6500
7  V 9  E 0
922, 2080, 4500
4  V 11  E 1
1420, 4280, 9500
5  V 8  E 3
1118, 2520, 5500
4  V 11  E 1
670, 1200, 2500
5  V 9  E 2
1270, 1640, 3500
2  V 13  E 1
854, 3840, 8500
7  V 9  E 0
515, 925, 1500
5  V 10  E 1
1150, 2080, 4500
7  V 7  E 2
1506, 3400, 7500
4  V 11  E 1
985, 2960, 6500
5  V 8  E 3
1395, 2520, 5500
7  V 7  E 2
802, 1200, 2500
2  V 12  E 2
1890, 4280, 9500
4  V 11  E 1
1450, 1640, 3500
2  V 13  E 1
616, 925, 1500
4  V 11  E 1
1276, 3840, 8500
5  V 8  E 3
1378, 2080, 4500
5  V 9  E 2
1880, 3400, 7500
7  V 7  E 2
1672, 2520, 5500
5  V 9  E 2
934, 1200, 2500
2  V 13  E 1
1630, 1640, 3500
2  V 13  E 1
1310, 2960, 6500
4  V 11  E 1
2360, 4280, 9500
7  V 7  E 2
717, 925, 1500
2  V 12  E 2
1698, 3840, 8500
4  V 11  E 1
1606, 2080, 4500
2  V 13  E 1
2254, 3400, 7500
5  V 9  E 2
1949, 2520, 5500
2  V 13  E 1
1066, 1200, 2500
2  V 13  E 1
818, 925, 1500
1  V 15  E 0
2830, 4280, 9500
5  V 9  E 2
1635, 2960, 6500
7  V 7  E 2
10, 2025, 3500
6  V 9  E 1
1834, 2080, 4500
2  V 13  E 1
919, 925, 1500
1  V 15  E 0
2120, 3840, 8500
7  V 7  E 2
2628, 3400, 7500
2  V 13  E 1
1198, 1200, 2500
2  V 12  E 2
2226, 2520, 5500
2  V 13  E 1
3300, 4280, 9500
2  V 13  E 1
1960, 2960, 6500
5  V 9  E 2
232, 2025, 3500
6  V 9  E 1
2062, 2080, 4500
2  V 13  E 1
3002, 3400, 7500
2  V 13  E 1
2542, 3840, 8500
5  V 9  E 2
2503, 2520, 5500
2  V 13  E 1
10, 1090, 1500
6  V 9  E 1
3770, 4280, 9500
2  V 13  E 1
10, 1475, 2500
6  V 9  E 1
2285, 2960, 6500
2  V 13  E 1
454, 2025, 3500
6  V 10  E 0
3376, 3400, 7500
2  V 13  E 1
2964, 3840, 8500
2  V 13  E 1
10, 2575, 4500
6  V 9  E 1
4240, 4280, 9500
2  V 13  E 1
10, 3125, 5500
6  V 9  E 1
2610, 2960, 6500
2  V 13  E 1
129, 1090, 1500
5  V 10  E 1
172, 1475, 2500
6  V 9  E 1
676, 2025, 3500
5  V 10  E 1
3386, 3840, 8500
2  V 13  E 1
10, 4225, 7500
6  V 9  E 1
2935, 2960, 6500
2  V 13  E 1
293, 2575, 4500
6  V 9  E 1
10, 5325, 9500
6  V 9  E 1
353, 3125, 5500
6  V 9  E 1
248, 1090, 1500
5  V 11  E 0
334, 1475, 2500
6  V 10  E 0
898, 2025, 3500
4  V 11  E 1
3808, 3840, 8500
2  V 13  E 1
474, 4225, 7500
6  V 9  E 1
576, 2575, 4500
6  V 10  E 0
10, 3675, 6500
6  V 9  E 1
367, 1090, 1500
4  V 11  E 1
696, 3125, 5500
6  V 10  E 0
595, 5325, 9500
6  V 9  E 1
496, 1475, 2500
5  V 10  E 1
1120, 2025, 3500
5  V 10  E 1
10, 4775, 8500
6  V 9  E 1
486, 1090, 1500
4  V 12  E 0
938, 4225, 7500
6  V 10  E 0
859, 2575, 4500
5  V 10  E 1
414, 3675, 6500
6  V 9  E 1
1039, 3125, 5500
5  V 8  E 3
1180, 5325, 9500
6  V 10  E 0
1342, 2025, 3500
5  V 10  E 1
658, 1475, 2500
4  V 11  E 1
605, 1090, 1500
5  V 10  E 1
535, 4775, 8500
6  V 9  E 1
1142, 2575, 4500
4  V 11  E 1
1402, 4225, 7500
5  V 8  E 3
1564, 2025, 3500
2  V 12  E 2
818, 3675, 6500
6  V 10  E 0
1382, 3125, 5500
4  V 11  E 1
820, 1475, 2500
5  V 10  E 1
1765, 5325, 9500
5  V 8  E 3
724, 1090, 1500
5  V 10  E 1
1786, 2025, 3500
2  V 14  E 0
1060, 4775, 8500
6  V 10  E 0
1425, 2575, 4500
5  V 10  E 1
1866, 4225, 7500
4  V 11  E 1
1725, 3125, 5500
5  V 10  E 1
982, 1475, 2500
5  V 10  E 1
1222, 3675, 6500
5  V 8  E 3
2350, 5325, 9500
4  V 11  E 1
843, 1090, 1500
2  V 14  E 0
2008, 2025, 3500
1  V 15  E 0
1708, 2575, 4500
5  V 10  E 1
1585, 4775, 8500
5  V 8  E 3
2068, 3125, 5500
5  V 10  E 1
2330, 4225, 7500
5  V 10  E 1
1144, 1475, 2500
2  V 12  E 2
962, 1090, 1500
1  V 15  E 0
1626, 3675, 6500
4  V 11  E 1
2935, 5325, 9500
5  V 10  E 1
10, 2410, 3500
6  V 9  E 1
1991, 2575, 4500
2  V 12  E 2
2411, 3125, 5500
2  V 12  E 2
1306, 1475, 2500
2  V 14  E 0
1081, 1090, 1500
1  V 15  E 0
2794, 4225, 7500
5  V 10  E 1
2110, 4775, 8500
4  V 11  E 1
3520, 5325, 9500
5  V 10  E 1
2030, 3675, 6500
5  V 10  E 1
2274, 2575, 4500
2  V 14  E 0
2754, 3125, 5500
2  V 14  E 0
1468, 1475, 2500
1  V 15  E 0
275, 2410, 3500
5  V 10  E 1
3258, 4225, 7500
2  V 13  E 1
2635, 4775, 8500
5  V 10  E 1
10, 1255, 1500
6  V 9  E 1
4105, 5325, 9500
2  V 13  E 1
2434, 3675, 6500
5  V 10  E 1
2557, 2575, 4500
1  V 15  E 0
3097, 3125, 5500
1  V 15  E 0
3722, 4225, 7500
2  V 12  E 2
10, 1750, 2500
6  V 9  E 1
540, 2410, 3500
5  V 11  E 0
3160, 4775, 8500
5  V 10  E 1
4690, 5325, 9500
2  V 12  E 2
148, 1255, 1500
3  V 13  E 0
2838, 3675, 6500
2  V 12  E 2
4186, 4225, 7500
1  V 15  E 0
10, 3730, 5500
6  V 9  E 1
10, 3070, 4500
6  V 9  E 1
5275, 5325, 9500
1  V 15  E 0
805, 2410, 3500
4  V 11  E 1
3685, 4775, 8500
2  V 13  E 1
202, 1750, 2500
5  V 10  E 1
3242, 3675, 6500
2  V 12  E 2
286, 1255, 1500
5  V 11  E 0
420, 3730, 5500
6  V 9  E 1
347, 3070, 4500
6  V 9  E 1
10, 5050, 7500
6  V 9  E 1
3646, 3675, 6500
1  V 15  E 0
4210, 4775, 8500
2  V 12  E 2
1070, 2410, 3500
3  V 12  E 1
10, 6370, 9500
6  V 9  E 1
424, 1255, 1500
5  V 11  E 0
394, 1750, 2500
5  V 11  E 0
4735, 4775, 8500
1  V 15  E 0
684, 3070, 4500
5  V 11  E 0
830, 3730, 5500
5  V 11  E 0
565, 5050, 7500
6  V 9  E 1
1335, 2410, 3500
5  V 10  E 1
10, 4390, 6500
6  V 9  E 1
562, 1255, 1500
3  V 13  E 0
710, 6370, 9500
6  V 9  E 1
586, 1750, 2500
4  V 11  E 1
10, 5710, 8500
6  V 9  E 1
1600, 2410, 3500
5  V 10  E 1
1240, 3730, 5500
6  V 9  E 1
1021, 3070, 4500
6  V 9  E 1
700, 1255, 1500
5  V 10  E 1
1120, 5050, 7500
5  V 11  E 0
778, 1750, 2500
4  V 12  E 0
492, 4390, 6500
6  V 9  E 1
1410, 6370, 9500
5  V 11  E 0
1865, 2410, 3500
2  V 14  E 0
838, 1255, 1500
3  V 13  E 0
1650, 3730, 5500
3  V 12  E 1
1358, 3070, 4500
3  V 12  E 1
638, 5710, 8500
6  V 9  E 1
1675, 5050, 7500
6  V 9  E 1
970, 1750, 2500
5  V 10  E 1
974, 4390, 6500
5  V 11  E 0
2110, 6370, 9500
6  V 9  E 1
2130, 2410, 3500
1  V 15  E 0
976, 1255, 1500
1  V 15  E 0
2060, 3730, 5500
5  V 10  E 1
1695, 3070, 4500
5  V 10  E 1
2230, 5050, 7500
3  V 12  E 1
1266, 5710, 8500
5  V 11  E 0
1162, 1750, 2500
5  V 10  E 1
2395, 2410, 3500
1  V 15  E 0
1114, 1255, 1500
1  V 15  E 0
2810, 6370, 9500
3  V 12  E 1
1456, 4390, 6500
6  V 9  E 1
2470, 3730, 5500
5  V 10  E 1
2032, 3070, 4500
5  V 10  E 1
1354, 1750, 2500
2  V 14  E 0
2785, 5050, 7500
5  V 10  E 1
1252, 1255, 1500
1  V 15  E 0
1894, 5710, 8500
6  V 9  E 1
3510, 6370, 9500
5  V 10  E 1
10, 2795, 3500
6  V 9  E 1
1938, 4390, 6500
3  V 12  E 1
2880, 3730, 5500
2  V 14  E 0
2369, 3070, 4500
2  V 14  E 0
1546, 1750, 2500
1  V 15  E 0
3340, 5050, 7500
5  V 10  E 1
2522, 5710, 8500
3  V 12  E 1
4210, 6370, 9500
5  V 10  E 1
10, 1420, 1500
6  V 9  E 1
2420, 4390, 6500
5  V 10  E 1
3290, 3730, 5500
1  V 15  E 0
2706, 3070, 4500
1  V 15  E 0
317, 2795, 3500
5  V 10  E 1
1738, 1750, 2500
1  V 15  E 0
3895, 5050, 7500
2  V 14  E 0
4910, 6370, 9500
2  V 14  E 0
3700, 3730, 5500
1  V 15  E 0
3150, 5710, 8500
5  V 10  E 1
166, 1420, 1500
3  V 13  E 0
3043, 3070, 4500
1  V 15  E 0
2902, 4390, 6500
5  V 10  E 1
4450, 5050, 7500
1  V 15  E 0
624, 2795, 3500
5  V 11  E 0
10, 2025, 2500
6  V 9  E 1
5610, 6370, 9500
1  V 15  E 0
3384, 4390, 6500
2  V 14  E 0
3778, 5710, 8500
5  V 10  E 1
322, 1420, 1500
5  V 11  E 0
10, 4335, 5500
6  V 9  E 1
5005, 5050, 7500
1  V 15  E 0
10, 3565, 4500
6  V 9  E 1
6310, 6370, 9500
1  V 15  E 0
931, 2795, 3500
5  V 10  E 1
3866, 4390, 6500
1  V 15  E 0
232, 2025, 2500
5  V 10  E 1
4406, 5710, 8500
2  V 14  E 0
478, 1420, 1500
5  V 11  E 0
486, 4335, 5500
5  V 10  E 1
10, 5875, 7500
6  V 9  E 1
1238, 2795, 3500
3  V 13  E 0
402, 3565, 4500
5  V 10  E 1
4348, 4390, 6500
1  V 15  E 0
10, 7415, 9500
6  V 9  E 1
5034, 5710, 8500
1  V 15  E 0
454, 2025, 2500
5  V 11  E 0
634, 1420, 1500
3  V 13  E 0
1545, 2795, 3500
5  V 10  E 1
5662, 5710, 8500
1  V 15  E 0
962, 4335, 5500
5  V 11  E 0
656, 5875, 7500
5  V 10  E 1
794, 3565, 4500
5  V 11  E 0
10, 5105, 6500
6  V 9  E 1
790, 1420, 1500
4  V 12  E 0
825, 7415, 9500
5  V 10  E 1
676, 2025, 2500
5  V 11  E 0
1852, 2795, 3500
4  V 12  E 0
1438, 4335, 5500
5  V 10  E 1
946, 1420, 1500
4  V 12  E 0
10, 6645, 8500
6  V 9  E 1
1302, 5875, 7500
5  V 11  E 0
1186, 3565, 4500
5  V 10  E 1
1640, 7415, 9500
5  V 11  E 0
898, 2025, 2500
3  V 13  E 0
2159, 2795, 3500
1  V 15  E 0
571, 5105, 6500
5  V 10  E 1
1102, 1420, 1500
1  V 15  E 0
1914, 4335, 5500
3  V 13  E 0
1578, 3565, 4500
3  V 13  E 0
1948, 5875, 7500
5  V 10  E 1
2466, 2795, 3500
1  V 15  E 0
740, 6645, 8500
5  V 10  E 1
1120, 2025, 2500
5  V 10  E 1
2455, 7415, 9500
5  V 10  E 1
1258, 1420, 1500
1  V 15  E 0
1132, 5105, 6500
5  V 11  E 0
2390, 4335, 5500
5  V 10  E 1
2773, 2795, 3500
1  V 15  E 0
1970, 3565, 4500
5  V 10  E 1
2594, 5875, 7500
3  V 13  E 0
1342, 2025, 2500
4  V 12  E 0
1414, 1420, 1500
1  V 15  E 0
3270, 7415, 9500
3  V 13  E 0
1470, 6645, 8500
5  V 11  E 0
2866, 4335, 5500
4  V 12  E 0
1693, 5105, 6500
5  V 10  E 1
2362, 3565, 4500
4  V 12  E 0
3240, 5875, 7500
5  V 10  E 1
1564, 2025, 2500
1  V 15  E 0
10, 3180, 3500
6  V 9  E 1
4085, 7415, 9500
5  V 10  E 1
3342, 4335, 5500
1  V 15  E 0
2200, 6645, 8500
5  V 10  E 1
2754, 3565, 4500
1  V 15  E 0
2254, 5105, 6500
3  V 13  E 0
3886, 5875, 7500
4  V 12  E 0
1786, 2025, 2500
1  V 15  E 0
359, 3180, 3500
3  V 13  E 0
4900, 7415, 9500
4  V 12  E 0
3818, 4335, 5500
1  V 15  E 0
3146, 3565, 4500
1  V 15  E 0
2930, 6645, 8500
3  V 13  E 0
2815, 5105, 6500
5  V 10  E 1
4532, 5875, 7500
1  V 15  E 0
2008, 2025, 2500
1  V 15  E 0
5715, 7415, 9500
1  V 15  E 0
4294, 4335, 5500
1  V 15  E 0
708, 3180, 3500
5  V 11  E 0
3538, 3565, 4500
1  V 15  E 0
3660, 6645, 8500
5  V 10  E 1
3376, 5105, 6500
4  V 12  E 0
5178, 5875, 7500
1  V 15  E 0
6530, 7415, 9500
1  V 15  E 0
10, 2300, 2500
6  V 9  E 1
10, 4940, 5500
6  V 9  E 1
1057, 3180, 3500
5  V 10  E 1
4390, 6645, 8500
4  V 12  E 0
5824, 5875, 7500
1  V 15  E 0
3937, 5105, 6500
1  V 15  E 0
10, 4060, 4500
6  V 9  E 1
7345, 7415, 9500
1  V 15  E 0
263, 2300, 2500
3  V 13  E 0
5120, 6645, 8500
1  V 15  E 0
1406, 3180, 3500
3  V 13  E 0
4498, 5105, 6500
1  V 15  E 0
553, 4940, 5500
3  V 13  E 0
456, 4060, 4500
3  V 13  E 0
10, 6700, 7500
6  V 9  E 1
10, 8460, 9500
6  V 9  E 1
5850, 6645, 8500
1  V 15  E 0
1755, 3180, 3500
4  V 12  E 0
5059, 5105, 6500
1  V 15  E 0
516, 2300, 2500
5  V 11  E 0
1096, 4940, 5500
5  V 11  E 0
902, 4060, 4500
5  V 11  E 0
747, 6700, 7500
3  V 13  E 0
6580, 6645, 8500
1  V 15  E 0
2104, 3180, 3500
4  V 12  E 0
940, 8460, 9500
3  V 13  E 0
769, 2300, 2500
5  V 11  E 0
10, 5820, 6500
6  V 9  E 1
1639, 4940, 5500
5  V 10  E 1
2453, 3180, 3500
1  V 15  E 0
1348, 4060, 4500
5  V 10  E 1
1484, 6700, 7500
5  V 11  E 0
1870, 8460, 9500
5  V 11  E 0
10, 7580, 8500
6  V 9  E 1
1022, 2300, 2500
3  V 13  E 0
2802, 3180, 3500
1  V 15  E 0
650, 5820, 6500
3  V 13  E 0
2182, 4940, 5500
3  V 13  E 0
1794, 4060, 4500
3  V 13  E 0
2221, 6700, 7500
5  V 10  E 1
1275, 2300, 2500
4  V 12  E 0
2800, 8460, 9500
5  V 10  E 1
843, 7580, 8500
3  V 13  E 0
3151, 3180, 3500
1  V 15  E 0
2725, 4940, 5500
5  V 10  E 1
1290, 5820, 6500
5  V 11  E 0
2240, 4060, 4500
5  V 10  E 1
1528, 2300, 2500
4  V 12  E 0
2958, 6700, 7500
3  V 13  E 0
3730, 8460, 9500
3  V 13  E 0
1676, 7580, 8500
5  V 11  E 0
3268, 4940, 5500
4  V 12  E 0
2686, 4060, 4500
4  V 12  E 0
1930, 5820, 6500
5  V 10  E 1
1781, 2300, 2500
1  V 15  E 0
3695, 6700, 7500
5  V 10  E 1
4660, 8460, 9500
5  V 10  E 1
3811, 4940, 5500
1  V 15  E 0
3132, 4060, 4500
1  V 15  E 0
2509, 7580, 8500
5  V 10  E 1
2034, 2300, 2500
1  V 15  E 0
2570, 5820, 6500
3  V 13  E 0
5590, 8460, 9500
4  V 12  E 0
4432, 6700, 7500
4  V 12  E 0
4354, 4940, 5500
1  V 15  E 0
3578, 4060, 4500
1  V 15  E 0
2287, 2300, 2500
1  V 15  E 0
3342, 7580, 8500
3  V 13  E 0
6520, 8460, 9500
1  V 15  E 0
5169, 6700, 7500
1  V 15  E 0
4897, 4940, 5500
1  V 15  E 0
3210, 5820, 6500
5  V 10  E 1
4024, 4060, 4500
1  V 15  E 0
7450, 8460, 9500
1  V 15  E 0
4175, 7580, 8500
5  V 10  E 1
5906, 6700, 7500
1  V 15  E 0
3850, 5820, 6500
4  V 12  E 0
8380, 8460, 9500
1  V 15  E 0
5008, 7580, 8500
4  V 12  E 0
6643, 6700, 7500
1  V 15  E 0
4490, 5820, 6500
1  V 15  E 0
5841, 7580, 8500
1  V 15  E 0
5130, 5820, 6500
1  V 15  E 0
6674, 7580, 8500
1  V 15  E 0
5770, 5820, 6500
1  V 15  E 0
7507, 7580, 8500
1  V 15  E 0
