#ALEJANDRO GALAN PEREZ - 24435563H - GRUPO 3
0 0 0 0 0 0 0 0
0 0 0 0 0 0 0 0
0 0 0 0 0 0 0 0
0 0 0 0 0 0 0 0
0 0 0 0 0 0 0 0
0 0 0 0 0 0 0 0
0 0 1 1 1 0 0 0
 0/1/0 0/0/0 6 4
0 0 0 0 0 0 0 0
0 0 0 0 0 0 0 0
0 0 0 0 0 0 0 0
0 0 0 0 0 0 0 0
0 0 0 0 1 0 0 0
0 0 0 1 2 0 0 0
0 0 1 2 2 0 0 0
 0/1/0 0/0/0 4 4
#supuestamente este de arriba tendria una pareja, pero no se puede ver como yo lo hago
0 0 0 0 0 0 0 0
0 0 0 0 0 0 0 0
0 0 0 0 0 0 0 0
0 0 0 0 0 0 0 0
0 0 1 0 0 0 0 0
0 0 2 1 0 0 0 0
0 0 2 2 1 0 0 0
 0/1/0 0/0/0 6 4
#supuestamente este de arriba tendria una pareja, pero no se puede ver como yo lo hago
0 0 0 0 0 0 0 0
0 0 0 0 0 0 0 0
0 0 0 0 0 0 0 0
0 0 0 0 0 0 0 0
0 0 0 1 0 0 0 0
0 0 0 1 0 0 0 0
0 0 0 1 0 0 2 2
 0/1/0 1/0/0 4 3
0 0 0 0 0 0 0 0
0 0 0 0 0 0 0 0
0 0 0 0 0 0 0 0
0 0 0 0 0 0 0 0
0 0 0 0 0 0 0 0
0 0 1 1 1 0 0 0
0 0 2 2 2 0 0 0
 0/1/0 0/0/0 5 4
0 0 0 0 0 0 0 0
0 0 0 0 0 0 0 0
0 0 0 0 0 0 0 0
0 0 0 0 0 0 0 0
0 0 0 0 0 0 0 0
0 0 0 0 0 0 0 0
1 1 1 2 0 0 0 0
 0/0/0 0/0/0 6 2
0 0 0 0 0 0 0 0
0 0 0 0 0 0 0 0
0 0 0 0 0 0 0 0
0 0 0 0 0 0 0 0
0 0 0 0 0 0 0 0
0 0 0 0 0 0 0 0
2 1 1 1 2 0 0 0
 0/0/0 0/0/0 6 3
0 0 0 0 0 0 0 0
0 0 0 0 0 0 0 0
0 0 0 0 0 0 0 0
0 0 0 0 0 0 0 0
0 0 0 0 0 0 0 1
1 0 0 0 0 0 1 2
2 1 0 0 0 1 2 2
 0/0/0 0/0/0 5 6
2 0 2 2 2 0 0 0
2 0 2 2 2 0 0 0
2 0 1 1 1 0 0 0
1 0 1 1 1 0 0 0
2 0 1 1 1 0 0 0
2 0 2 2 2 0 0 0
2 0 1 1 2 2 0 0
 0/0/0 2/1/0 6 5
#8
0 0 0 0 0 0 0 0
0 0 0 0 0 0 0 0
0 0 0 0 0 0 0 0
0 0 0 0 0 0 0 0
0 0 0 0 0 0 0 0
0 0 0 0 0 0 0 0
0 0 1 1 1 1 0 0
 0/0/1 0/0/0 6 4
#9
0 0 0 0 0 0 0 0
0 0 0 0 0 0 0 0
0 0 0 0 0 0 0 0
1 0 0 0 0 0 0 0
2 1 0 0 0 0 0 0
2 2 1 0 0 0 0 0
2 2 2 1 0 0 0 0
 0/0/1 0/0/0 5 2
#
0 0 0 0 0 0 0 0
0 0 0 0 0 0 0 0
0 0 0 0 0 0 0 0
0 0 0 0 0 0 0 0
0 2 0 2 2 0 0 0
0 1 1 1 1 2 0 0
0 2 2 1 2 1 2 0
 0/0/1 0/0/0 5 2
#
0 0 0 0 0 0 0 0
0 0 0 0 0 0 0 0
0 0 0 0 0 0 0 0
0 0 0 0 0 1 0 0
0 1 0 0 2 1 0 0
0 2 1 1 1 2 0 0
2 1 1 1 2 2 2 0
 4/1/0 1/2/0 3 5
#
2 1 0 2 2 1 0 2
2 2 0 1 1 2 0 1
1 2 1 2 2 1 1 2
1 1 2 1 2 2 2 1
2 2 2 1 2 1 1 2
1 1 1 2 1 2 2 1
2 1 1 1 2 2 1 1
 0/0/0 0/0/0 2 2
0 0 0 0 0 0 0 0
0 0 0 0 0 0 0 0
0 0 0 0 0 0 0 0
0 0 0 0 0 0 0 2
2 2 2 0 2 1 1 2
1 1 1 2 1 2 1 1
2 1 1 1 2 2 1 1
 1/3/0 3/2/0 4 1
#caso mas natural y con casos variados